           #eigvals:     5.673     4.445     2.175     1.743     1.545     1.325     1.275     1.211     1.190     1.134 
                   1    -0.0159     -0.1484      0.0961     -0.1041     -0.0612     -0.0350      0.1643     -0.4420     -0.0485      0.0220           German
                   2    -0.1171     -0.1616      0.2074     -0.0779     -0.1694     -0.0604      0.0730      0.1068     -0.0716     -0.0604           German
                   3     0.0414     -0.1601     -0.0413     -0.2270     -0.1349     -0.0617      0.1027      0.0154      0.1559     -0.1703           German
                   4    -0.0975     -0.1117     -0.0210      0.0760      0.2943      0.1671      0.2335      0.0465     -0.0233      0.0495           German
                   5     0.2010      0.0569      0.0939      0.1142      0.1222     -0.2476      0.1416      0.3246      0.1305     -0.0475           German
                   6    -0.1200     -0.0044     -0.1340      0.0853     -0.0504     -0.2230     -0.0395      0.1390     -0.1453     -0.0745           German
                   7     0.1702     -0.0750     -0.0973      0.1154      0.0025      0.1604      0.1740      0.0246      0.2273     -0.2532           German
                   8    -0.1173     -0.1852      0.1489     -0.1213     -0.0938     -0.0552      0.0425      0.0430      0.0163      0.1105           German
                   9    -0.0965      0.1603     -0.1959     -0.0484     -0.0955      0.0008     -0.0039     -0.0892      0.0740     -0.0409           German
                  10     0.2551      0.0768      0.1187      0.2389     -0.0945     -0.1434     -0.0302      0.1932      0.0646     -0.0456           German
                  11     0.2590     -0.0757      0.0064      0.3797     -0.2290      0.1553     -0.2257     -0.1170      0.3246      0.2229           German
                  12    -0.1801     -0.1664      0.2793     -0.0163     -0.2097     -0.0953     -0.1403      0.0659      0.0767      0.3350           German
                  13     0.1291      0.0455      0.0794      0.1685      0.0460      0.0762     -0.0601     -0.0315     -0.2716      0.1142           German
                  14     0.1722     -0.1553     -0.1024     -0.0226      0.1418      0.0249      0.4081     -0.0248     -0.0008      0.1696           German
                  15     0.2046      0.1222      0.1079      0.1238     -0.0485     -0.0223      0.0488      0.1693     -0.0100      0.0024           German
                  16    -0.0012      0.2316     -0.0738     -0.2510     -0.3371      0.5152      0.1649      0.3337      0.0597      0.0468           German
                  17    -0.1480     -0.1569      0.1355      0.0380      0.0207      0.0527     -0.1022     -0.0590      0.0830      0.0346           German
                  18     0.0455      0.1114     -0.0289      0.0544     -0.1579     -0.1781      0.0419     -0.0745     -0.0644     -0.0434           German
                  19    -0.2047      0.0334     -0.2232      0.1308     -0.0046     -0.2153      0.0341      0.0491     -0.0513     -0.0217           German
                  20    -0.0013      0.2301      0.1364     -0.2280      0.3717     -0.2393     -0.1204     -0.0947      0.4006     -0.0735           German
                  21    -0.0377      0.1844      0.0789     -0.1480      0.1135      0.0374      0.0773     -0.0604      0.0762      0.0640           German
                  22    -0.0973      0.1123     -0.0374      0.0623     -0.0368      0.1951     -0.0383     -0.0169      0.0322      0.0753           German
                  23     0.0487      0.2281      0.0861     -0.1276      0.0116     -0.0194      0.0035      0.0109     -0.0696      0.0743           German
                  24    -0.0410     -0.0818      0.0107      0.0038      0.1731      0.1502     -0.1141      0.0131      0.1933     -0.1678           German
                  25     0.1398     -0.1800     -0.1794     -0.2832      0.1354      0.0298     -0.1500     -0.0237     -0.1671      0.2140           German
                  26     0.1602      0.1612      0.2161     -0.0861      0.0408     -0.1786     -0.0360      0.0843     -0.0922     -0.0582           German
                  27    -0.0476     -0.1590     -0.0412     -0.0109      0.2131      0.1762      0.0800      0.1563      0.1443     -0.1784           German
                  28    -0.0277      0.0179     -0.0619      0.1406      0.1593      0.0973      0.0794      0.0252     -0.3189      0.1776           German
                  29    -0.0974     -0.1595      0.2893      0.0254     -0.2139     -0.0253      0.1319     -0.0978     -0.1877     -0.4697           German
                  30    -0.1585     -0.0271      0.0073      0.0713      0.1222      0.0556      0.0642     -0.3553      0.2105      0.1622           German
                  31     0.2048     -0.1419     -0.1041     -0.0709     -0.1000     -0.0801      0.1842     -0.1463     -0.0231      0.1523           German
                  32     0.2673     -0.1759     -0.2713     -0.2535     -0.0684     -0.0289     -0.2857     -0.0246     -0.0277     -0.1582           German
                  33     0.2427     -0.0594     -0.0349      0.1482     -0.0446      0.0537      0.1031     -0.1628      0.0338      0.0418           German
                  34    -0.1398      0.0556     -0.2431      0.0969     -0.1090     -0.1901      0.0441      0.0032      0.0354     -0.0510           German
                  35    -0.1247     -0.1614      0.0618      0.0224      0.2337      0.1429     -0.1655      0.1104     -0.0545     -0.0880           German
                  36    -0.0233      0.1952     -0.0407     -0.1609     -0.2146     -0.0390     -0.0354     -0.1406      0.0670      0.0068           German
                  37    -0.1567      0.1327     -0.1625      0.0688     -0.0726      0.1151     -0.0679      0.0169     -0.0227     -0.0717           German
                  38    -0.1379      0.0301     -0.1155      0.1198      0.0191     -0.1056      0.0339     -0.0911     -0.0230     -0.0814           German
                  39     0.1183     -0.1121     -0.0043      0.1192     -0.0300     -0.0230     -0.2638     -0.0273      0.0171     -0.0164           German
                  40    -0.1592      0.0200     -0.1171      0.1619      0.1131      0.0579     -0.0414      0.1482      0.0241      0.0074           German
                  41    -0.1995     -0.0140     -0.1257      0.1358      0.0463     -0.0657     -0.0080      0.1114     -0.0865      0.0389           German
                  42    -0.1609     -0.1400      0.1431     -0.0035     -0.0568     -0.0520     -0.1435      0.1714     -0.0589      0.2525           German
                  43     0.0035      0.2565      0.1693     -0.1878      0.0995      0.0815     -0.0751      0.0418     -0.0069      0.1757           German
                  44     0.1732     -0.1889     -0.2276     -0.2415      0.0990     -0.1039     -0.1630      0.1513     -0.1637      0.0240           German
                  45     0.1483      0.1753      0.1779      0.0160      0.1282     -0.0201      0.2344     -0.0990     -0.2610      0.0108           German
                  46    -0.1182     -0.1594      0.1762     -0.1146     -0.0579      0.0386      0.0666      0.0775      0.0945     -0.0882           German
                  47    -0.0561      0.1836     -0.0794     -0.1013     -0.1226      0.0575     -0.0753     -0.1505     -0.1331     -0.0805           German
                  48    -0.1321      0.1086     -0.1862      0.0543     -0.0300     -0.0618      0.0730     -0.0809     -0.0006      0.0136           German
                  49     0.0781      0.0904      0.1622      0.1113      0.1219      0.2665     -0.3242     -0.2051     -0.2511     -0.2733           German
                  50    -0.0478      0.1408     -0.0383      0.0034      0.0145     -0.1374     -0.0952     -0.0180      0.0938      0.0151           German
