    5.673028
    4.445142
    2.174567
    1.743260
    1.545026
    1.325417
    1.275327
    1.210664
    1.190185
    1.134034
    1.102025
    1.066625
    1.056799
    1.034516
    1.004447
    0.983174
    0.958231
    0.903146
    0.894545
    0.870808
    0.851351
    0.844965
    0.814417
    0.785930
    0.757174
    0.749524
    0.738290
    0.722469
    0.722179
    0.699175
    0.680935
    0.671816
    0.644614
    0.615936
    0.612490
    0.578419
    0.562897
    0.553935
    0.547380
    0.506165
    0.492971
    0.485677
    0.461401
    0.447220
    0.416375
    0.396539
    0.359258
    0.353754
    0.335778
    0.000000
